E  avrgMagnetization  susceptibility0.5 395.364806867 55.2246179521
0.6 350.829262828 80.4664377765
0.7 315.52265861 94.6502270699
0.8 286.11377355 103.223831437
0.9 262.763779528 106.581950387
1.1 278.337969402 104.647754554
1.2 289.598594579 101.506888704
1.3 302.101939799 99.4429111229
1.4 309.654381346 96.3935700462
1.5 317.729920981 93.714169482
1.5 325.092974056 91.2640737928
2.0 333.053885901 89.1278746102
2.0 327.612919379 86.6163611284
2.5 335.31944312 85.0254528207
2.5 338.575393575 82.8595069226
3.0 465.656504065 6.60654857393
3.0 342.995474719 80.770438041
3.5 467.093561368 7.37769879033
3.5 457.988636364 10.8596641802
4.0 454.837837838 13.2009804399
4.5 461.4912 11.6559334451
4.5 464.72404464 10.919225445
5.0 452.399248338 11.6485664285
